0.082301
0.064801
0.0175152
0.0487961
0.0407033
0.00554713
0.00498009
0.0451561
0.0254139
0.00659139
0.0118114
0.0375134
0.0231294
0.0248612
0.00706616
0.00279899
0.125545
0.00786716
0.0342936
0.211013
0.0311778
0.0236167
0.0642724
0.0126393
0.0322305
0.0328615
0.0376829
0.0108765
0.00686627
0.0744445
0.0580812
0.0203472
0.049526
0.0523012
0.110814
0.00809382
0.0819679
0.00776594
0.0128037
0.00605876
0.0257894
0.0193746
0.0158288
0.0276547
0.0350623
0.00945795
0.00548213
0.0315208
0.0127103
0.0322685
0.0246562
0.00544948
0.00842943
0.0140339
0.00431474
0.0394534
0.0322547
0.0552504
0.0365775
0.00773431
0.0856869
0.0169646
0.0138553
0.177867
0.00636791
0.0482534
0.0355708
0.0286097
0.0262224
0.00309214
0.0097151
0.0244522
0.0163027
0.0199363
0.000868335
0.00554969
0.0388908
0.0197757
0.00169852
0.330471
0.0406606
0.0150012
0.254273
0.0181009
0.0148564
0.0382089
0.191063
0.00636144
0.006648
0.0164482
0.00773169
0.00506616
0.0103339
0.0969139
0.0387297
0.0127381
0.00765245
0.00912625
0.0169213
0.016772
